000000000000000000000000000000000000000000040600090000000000000000000000
000000000000000000000000000000000000000000040600090000000000000000000000
000000000000000000000000000000000000000000040600000000000000000000000000
000000000000000000000000000000000000000000040600000000000000000000000000
000000000000000000000000000000000000000000040600090000000000000000000000
000000000000000000000000000000000000000000040600090000000000000000000000
000000000000000000000000000000000000000000040600090000000000000000000000
000000000000000000000000000000000000000000040600090000000000000000000000
000000000000000000000000000000000000000000040600090000000000000000000000
000000000000000000000000000000000000000000040600000000000000000000000000
000000000000000000000000000000000000000000040600000000000000000000000000
000000000000000000000000000000000000000000040600090000000000000000000000
000000000000000000000000000000000000000000040600090000000000000000000000
000000000000000000000000000000000000000000040600090000000000000000000000
000000000000000000000000000000000000000000040600090000000000000000000000
000000000000000000000000000000000000000000040600090000000000000000000000
000000000000000000000000000000000000000000040600000000000000000000000000
000000000000000000000000000000000000000000040600000000000000000000000000
000000000000000000000000000000000000000000040600000000000000000000000001
000000000000000000000000000000000000000000000001080000000000000000000001